Greyscale
0.0 0.2 0.4 0.6 0.8 1.0
0.0 0.2 0.4 0.6 0.8 1.0
0.0 0.2 0.4 0.6 0.8 1.0
0.0 0.2 0.4 0.6 0.8 1.0
1.0 1.0 1.0 1.0 1.0 1.0
0.0 0.0 0.0 1.0
Red-Yellow
0.0 0.25 0.5 0.75 1.0 1.0
1.0 1.0 1.0 1.0 1.0 1.0
0.0 0.25 0.5 0.75 1.0 1.0
0.0 0.15 0.25 0.35 0.5 1.0
1.0 1.0 1.0 1.0 1.0 1.0
0.0 0.0 0.0 1.0
Blue-LightBlue
0.0 0.25 0.5 0.75 1.0 1.0
0.0 0.1 0.2 0.3 0.4 0.5
0.0 0.2 0.4 0.6 0.6 1.0
1.0 1.0 1.0 1.0 1.0 1.0
1.0 1.0 1.0 1.0 1.0 1.0
0.0 0.0 0.0 1.0
P-value_Render
-0.05 -0.025 0 0 0.025 0.05
1.0 1.0 1.0 0.0 0.0 0.0
0.0 0.5 0.9 0.8 0.5 0.0
0.0 0.0 0.0 1.0 1.0 1.0
1.0 1.0 1.0 1.0 1.0 1.0
0.0 0.0 0.0 1.0
Greicius_Networks
0 1 2 3 4 5
1.0000    0.5725    0.9569    0.5412    0.9961    1.0000
1.0000    0.8118    0.5137    0.7333    0.9686    1.0000
1.0000    0.5490    0.4196    0.8667    0.4314    1.0000
1.0000    1.0000    1.0000    1.0000    1.0000    1.0000
